7 0.10499338624338625 0.28785962301587303 0.11408730158730158 0.07422867063492063
11 0.6438492063492064 0.37604166666666666 0.11044973544973545 0.0844246031746032
8 0.8804563492063492 0.2837673611111111 0.13723544973544974 0.09828869047619049
12 0.8579695767195767 0.45244295634920634 0.105489417989418 0.0784945436507936
12 0.6486441798941799 0.697641369047619 0.103505291005291 0.08030505952380952
10 0.43452380952380953 0.5377703373015873 0.09523809523809523 0.07058283730158733
10 0.7585978835978836 0.20785962301587302 0.082010582010582 0.0655233134920635
10 0.6484788359788359 0.29629216269841274 0.09325396825396826 0.07125496031746036
10 0.7524801587301587 0.3749231150793651 0.08630952380952381 0.06482886904761902
10 0.7564484126984127 0.618015873015873 0.09424603174603174 0.07482390873015864
10 0.6476521164021164 0.5298338293650794 0.09490740740740741 0.06462797619047617
10 0.7473544973544973 0.7669717261904762 0.08597883597883597 0.0726364087301587
4 0.6531084656084656 0.20017361111111112 0.10251322751322751 0.1047123015873016
1 0.0958994708994709 0.4536830357142857 0.1455026455026455 0.0859375
0 0.1078042328042328 0.6129315476190477 0.1164021164021164 0.0770535714285715
5 0.1087962962962963 0.7763988095238096 0.11177248677248677 0.09149057539682548
3 0.22685185185185186 0.775530753968254 0.08994708994708994 0.08727182539682542
3 0.2251984126984127 0.5365302579365079 0.10648148148148148 0.07306299603174607
3 0.33118386243386244 0.6952852182539683 0.09027777777777778 0.07311011904761898
3 0.4348544973544973 0.45343253968253966 0.10251322751322751 0.07055803571428577
3 0.3253968253968254 0.28810515873015874 0.08862433862433862 0.06976438492063491
3 0.4298941798941799 0.20401785714285714 0.0992063492063492 0.07519593253968256