7 0.11408730158730158 0.29232390873015873 0.12235449735449735 0.08315972222222225
3 0.42923280423280424 0.20141121031746032 0.09788359788359788 0.07246775793650795
1 0.09375 0.5357886904761905 0.144510582010582 0.08645833333333337
3 0.2296626984126984 0.5377703373015873 0.09226190476190477 0.07058283730158733
10 0.32242063492063494 0.5238789682539683 0.08928571428571429 0.06264136904761904
10 0.541005291005291 0.5339260912698413 0.08333333333333333 0.07033234126984125
10 0.7536375661375662 0.37876984126984126 0.09193121693121693 0.06507688492063489
10 0.6428571428571429 0.2925719246031746 0.10185185185185185 0.06877232142857143
10 0.7529761904761905 0.21157242063492063 0.09060846560846561 0.0709052579365079
10 0.6375661375661376 0.7698263888888889 0.09126984126984126 0.09074404761904764
10 0.7541335978835979 0.614295634920635 0.09623015873015874 0.062420634920634994
3 0.4386574074074074 0.6961532738095237 0.1001984126984127 0.07732638888888882
3 0.5342261904761905 0.29468005952380955 0.08630952380952381 0.07051091269841274
0 0.10730820105820106 0.618263888888889 0.11210317460317461 0.06043650793650801
4 0.6496362433862434 0.19446924603174603 0.11210317460317461 0.10818452380952383
8 0.873181216931217 0.28153521825396827 0.1359126984126984 0.09878472222222225
11 0.10499338624338625 0.7832217261904761 0.15046296296296297 0.10761656746031742
12 0.4401455026455027 0.44821428571428573 0.09854497354497355 0.073812003968254