10 0.2220568783068783 0.20773809523809525 0.09689153439153439 0.07767857142857144
10 0.3273809523809524 0.5252455357142857 0.07936507936507936 0.07777281746031744
10 0.5327380952380952 0.5319419642857143 0.08664021164021164 0.06636408730158729
10 0.751984126984127 0.6144196428571429 0.09523809523809523 0.07010912698412705
10 0.6362433862433863 0.29269593253968257 0.08862433862433862 0.06654017857142856
8 0.8746693121693122 0.2811631944444445 0.13558201058201058 0.0955605158730159
11 0.0992063492063492 0.7803695436507936 0.1388888888888889 0.10935019841269832
4 0.09044312169312169 0.3697172619047619 0.15112433862433863 0.08913690476190478
1 0.09441137566137567 0.5328100198412699 0.15906084656084657 0.08050347222222226
3 0.23197751322751323 0.5313219246031746 0.09027777777777778 0.07752728174603178
0 0.1078042328042328 0.6115674603174603 0.12962962962962962 0.07184523809523817
3 0.5443121693121693 0.2921999007936508 0.10317460317460317 0.0853918650793651
3 0.7440476190476191 0.761515376984127 0.10582010582010581 0.08156249999999991