7 0.11342592592592593 0.29232390873015873 0.12103174603174603 0.08315972222222225
11 0.10582010582010581 0.7807440476190476 0.15211640211640212 0.1224975198412698
10 0.3220899470899471 0.5268576388888889 0.09523809523809523 0.07851686507936506
10 0.5439814814814815 0.5311979166666666 0.0958994708994709 0.06983630952380951
10 0.6382275132275133 0.2961681547619048 0.10582010582010581 0.07348710317460322
10 0.7564484126984127 0.21158234126984127 0.09424603174603174 0.07792658730158732
10 0.7473544973544973 0.3750496031746032 0.0992063492063492 0.07251736111111108
10 0.7452050264550265 0.6106994047619048 0.09821428571428571 0.07754960317460324
10 0.640707671957672 0.7719345238095239 0.08763227513227513 0.0726364087301587
8 0.8721891534391535 0.2812872023809524 0.12731481481481483 0.09332589285714285
4 0.4350198412698413 0.19868551587301586 0.1259920634920635 0.11165922619047618
3 0.5370370370370371 0.29306795634920635 0.10185185185185185 0.07968750000000002
3 0.2286706349206349 0.5319444444444444 0.09689153439153439 0.08620783730158733
1 0.09788359788359788 0.5370287698412699 0.14947089947089948 0.08397817460317464
0 0.1078042328042328 0.6113194444444445 0.10317460317460317 0.07630952380952388
3 0.5324074074074074 0.6884647817460318 0.09259259259259259 0.07682787698412687
3 0.5343915343915344 0.28884920634920636 0.09656084656084656 0.06629216269841269