5 0.09368055555555556 0.20313244047619047 0.11488756613756612 0.09101190476190477
5 0.10795965608465609 0.78578125 0.1136111111111111 0.08451140873015874
2 0.1097718253968254 0.7011979166666666 0.11510251322751325 0.07201636904761902
2 0.32654761904761903 0.21361359126984125 0.09250661375661372 0.07521081349206349
3 0.21549603174603174 0.21569196428571427 0.07929232804232804 0.06977430555555554
3 0.3237764550264551 0.2943551587301587 0.07417658730158733 0.054449404761904754
3 0.2213558201058201 0.3749404761904762 0.07609457671957669 0.05575148809523808
3 0.21688161375661377 0.46028273809523806 0.07993055555555557 0.06018353174603171
3 0.22402116402116404 0.5440401785714286 0.07929232804232804 0.05504464285714276
3 0.21858796296296296 0.6175892857142857 0.08334325396825396 0.05506696428571422
3 0.2206117724867725 0.6965724206349206 0.07247023809523813 0.0659623015873016
3 0.2233829365079365 0.7820337301587301 0.07375 0.06902529761904772
0 0.09932870370370371 0.6205456349206349 0.11552910052910054 0.059384920634920534
0 0.09932870370370371 0.3809672619047619 0.10700066137566136 0.0678100198412698
1 0.09165343915343917 0.4583531746031746 0.14281084656084655 0.06271825396825399
4 0.08877645502645502 0.5393377976190477 0.15197751322751324 0.07601190476190482
9 0.6608763227513228 0.21120535714285715 0.08547288359788353 0.08637896825396825
9 0.6452083333333333 0.6236780753968254 0.09463955026455029 0.07363839285714283
12 0.8764781746031746 0.2078472222222222 0.10956018518518532 0.08285962301587299
12 0.8673115079365079 0.7848338293650793 0.11254298941798939 0.08901289682539673
10 0.7555125661375661 0.21470982142857145 0.07012566137566151 0.0678075396825397
10 0.7590310846560846 0.2978497023809524 0.07502976190476202 0.05504216269841266
10 0.7485879629629629 0.3819518849206349 0.08398148148148149 0.05698660714285714
10 0.5312797619047619 0.45781746031746035 0.07353835978835982 0.04725446428571434
10 0.743151455026455 0.5401240079365079 0.07097883597883609 0.061597222222222144
10 0.7485879629629629 0.6210267857142857 0.0754563492063493 0.057145337301587266
10 0.7492261904761904 0.6955332341269841 0.07247023809523798 0.06548115079365067
10 0.7493320105820106 0.7789955357142857 0.07908068783068795 0.059751984126984146
7 0.872853835978836 0.38193948412698414 0.10657407407407399 0.06975198412698408
7 0.8544146825396826 0.6262227182539682 0.10593584656084667 0.07233630952380948
8 0.8690178571428571 0.4614831349206349 0.1330059523809524 0.07697172619047617
11 0.8715740740740741 0.5428670634920635 0.13812169312169323 0.07667658730158726