7 0.11375661375661375 0.29268353174603173 0.12301587301587301 0.07236855158730157
1 0.09639550264550265 0.533172123015873 0.15443121693121692 0.07502480158730158
12 0.43386243386243384 0.45479910714285715 0.09391534391534391 0.07576636904761899
10 0.4343584656084656 0.5335540674603174 0.09821428571428571 0.07703125000000004
10 0.6435185185185185 0.2943080357142857 0.08994708994708994 0.07720734126984131
11 0.6418650793650794 0.37356150793650794 0.10648148148148148 0.07946428571428574
10 0.748015873015873 0.37318948412698416 0.0873015873015873 0.07623759920634918
10 0.7547949735449735 0.21071428571428572 0.09755291005291006 0.07371031746031748
8 0.87119708994709 0.2828993055555556 0.13194444444444445 0.10399305555555557
10 0.644510582010582 0.5333060515873016 0.09854497354497355 0.07157242063492061
10 0.7506613756613757 0.6099553571428572 0.09259259259259259 0.07110119047619055
12 0.6408730158730159 0.691688988095238 0.09788359788359788 0.08823908730158724
10 0.7473544973544973 0.769454365079365 0.0992063492063492 0.07759672619047617
3 0.43005952380952384 0.20972222222222223 0.10945767195767196 0.08164682539682541
3 0.4298941798941799 0.2862450396825397 0.08597883597883597 0.07348462301587301
4 0.6441798941798942 0.1986855158730159 0.10449735449735449 0.10173611111111112
3 0.23065476190476192 0.5339260912698413 0.10085978835978836 0.07033234126984125
0 0.10813492063492064 0.6173958333333334 0.13690476190476192 0.076063988095238
3 0.33647486772486773 0.6950372023809523 0.10085978835978836 0.0775744047619047
3 0.22850529100529102 0.7713144841269841 0.09986772486772487 0.07387648809523807
5 0.10333994708994709 0.7724305555555556 0.1173941798941799 0.09347222222222225