5 0.09318452380952381 0.2027703373015873 0.11717261904761907 0.09381200396825397
5 0.10794642857142857 0.7792881944444445 0.12824404761904765 0.08952876984126973
0 0.10690806878306879 0.616217757936508 0.11002314814814812 0.06958333333333343
1 0.09595238095238098 0.45690724206349204 0.15038690476190478 0.07272817460317454
3 0.21243386243386242 0.20917162698412697 0.07427248677248674 0.06163194444444445
4 0.31599867724867725 0.2009548611111111 0.1107142857142857 0.09882936507936509
3 0.3201488095238096 0.2889310515873016 0.08211309523809526 0.06546378968253964
3 0.432364417989418 0.45318700396825395 0.06435185185185183 0.06355654761904768
3 0.2251190476190476 0.5394345238095238 0.07657738095238092 0.04749255952380947
3 0.3230324074074074 0.6160813492063492 0.06711970899470901 0.05201388888888895
3 0.3320271164021164 0.7002157738095238 0.06204695767195771 0.0594022817460318
3 0.22246693121693123 0.7752207341269841 0.08741732804232802 0.06582589285714283
9 0.6532175925925926 0.20640376984126985 0.08395833333333337 0.08377728174603173
9 0.6482572751322752 0.6145262896825396 0.09018518518518527 0.07312251984126983
10 0.7537830687830688 0.20917162698412697 0.07288690476190471 0.06163194444444445
10 0.753667328042328 0.29567956349206354 0.0749636243386242 0.05473710317460313
10 0.747556216931217 0.3761061507936508 0.07427248677248689 0.05990079365079365
10 0.7525132275132275 0.6153893849206349 0.07726851851851847 0.06447172619047614
10 0.6513723544973545 0.5271502976190475 0.06181547619047621 0.047142857142857125
10 0.5352347883597883 0.45586805555555554 0.07634589947089944 0.04989087301587298
10 0.752281746031746 0.7721056547619047 0.08142195767195776 0.06651537698412688
7 0.5399636243386243 0.6224702380952382 0.07427248677248674 0.0682539682539682
8 0.8691104497354497 0.28297867063492066 0.12824404761904776 0.08988343253968253
11 0.6407605820105821 0.37458829365079366 0.09595238095238098 0.07416418650793656
12 0.8710714285714285 0.3742435515873016 0.10217923280423273 0.07347222222222229
12 0.8597685185185185 0.6908258928571428 0.10264219576719588 0.07694940476190482
2 0.6389153439153439 0.69921875 0.09226190476190477 0.0781646825396825