4 0.42533399470899474 0.19390376984126986 0.11267526455026455 0.09754960317460316
3 0.533614417989418 0.2873139880952381 0.07884920634920636 0.05045882936507932
3 0.2250198412698413 0.5347569444444444 0.07226190476190475 0.0511507936507936
3 0.7504001322751322 0.7690203373015874 0.08631944444444437 0.06337549603174597
10 0.42401455026455026 0.370672123015873 0.06611111111111113 0.0524429563492063
10 0.3270436507936508 0.5255406746031747 0.06325727513227512 0.05249007936507939
10 0.5407539682539683 0.5346031746031746 0.06457341269841269 0.04754960317460324
10 0.7562202380952381 0.20543650793650794 0.06940476190476194 0.061314484126984134
10 0.7551223544973544 0.6138343253968254 0.07160383597883589 0.05610863095238085
11 0.1076223544973545 0.7859895833333334 0.1295866402116402 0.10719990079365091
1 0.09389550264550264 0.5345114087301588 0.13947089947089947 0.07701636904761898
7 0.1048776455026455 0.28583333333333333 0.10872023809523809 0.06396825396825398
10 0.6408002645502645 0.2896205357142857 0.07357804232804226 0.05507192460317465
8 0.8739484126984127 0.28294642857142854 0.12914682539682537 0.08784474206349208
0 0.11443121693121694 0.6140054563492063 0.1124570105820106 0.06633680555555561