3 0.21010912698412698 0.20905257936507937 0.07586640211640214 0.06661954365079363
3 0.21414351851851854 0.2990550595238095 0.07855489417989417 0.06099702380952382
3 0.21548941798941798 0.3744246031746032 0.08662698412698414 0.052341269841269834
3 0.21939153439153442 0.46250992063492063 0.08097552910052906 0.04893849206349211
3 0.22086970899470898 0.5431299603174603 0.08662698412698414 0.050778769841269784
3 0.22719246031746032 0.6225396825396825 0.09120039682539681 0.050195932539682624
3 0.22490740740740742 0.7015128968253969 0.06779431216931217 0.0568204365079366
3 0.22086970899470898 0.7798115079365079 0.08662698412698414 0.0681423611111111
10 0.7548875661375662 0.21460069444444443 0.08393518518518508 0.06359623015873017
10 0.7591931216931218 0.29683531746031744 0.07102182539682554 0.060592757936507924
10 0.748968253968254 0.38027777777777777 0.07209986772486764 0.051939484126984146
10 0.7527347883597884 0.4622098214285715 0.06887235449735464 0.054387400793650786
10 0.743587962962963 0.5389930555555555 0.07209986772486764 0.05259424603174613
10 0.7559656084656085 0.6217311507936508 0.07532738095238094 0.056654265873015947
10 0.7473544973544973 0.6970734126984127 0.06887235449735464 0.0640823412698413
10 0.7551554232804233 0.7791071428571429 0.07909391534391544 0.06471230158730161
5 0.09267857142857143 0.20180307539682538 0.12348214285714289 0.0924801587301587
5 0.11003306878306879 0.7811111111111111 0.10169312169312168 0.07679067460317458
2 0.09093253968253968 0.29401041666666666 0.12267526455026456 0.0710863095238095
2 0.10559193121693122 0.6980977182539683 0.1062665343915344 0.0701661706349206
0 0.10128968253968254 0.38039434523809523 0.1084160052910053 0.058226686507936505
0 0.10545965608465609 0.620188492063492 0.1086871693121693 0.05962053571428579
1 0.09187169312169312 0.45908234126984127 0.13800925925925928 0.07032738095238093
4 0.08554894179894179 0.5446453373015874 0.14419973544973547 0.0719667658730159
12 0.8789087301587302 0.2111731150793651 0.09792658730158733 0.08498511904761907
12 0.8670734126984128 0.7906969246031746 0.10653439153439148 0.08183779761904768
9 0.8770271164021164 0.2932886904761905 0.09954034391534398 0.0595535714285714
9 0.8591369047619049 0.7113169642857143 0.1094940476190475 0.0744097222222221
7 0.8735284391534393 0.3797743055555556 0.09792658730158733 0.05294890873015868
7 0.856712962962963 0.630091765873016 0.09926917989417976 0.06732142857142848
8 0.8670734126984128 0.4604935515873016 0.12805555555555548 0.06911706349206345
11 0.8752777777777778 0.5440401785714286 0.1417757936507935 0.07479166666666671