8 0.8676223544973545 0.2755902777777778 0.1400661375661377 0.10055307539682538
10 0.33409060846560845 0.2049280753968254 0.07727182539682542 0.06320436507936505
10 0.32224867724867723 0.370734126984127 0.07033399470899472 0.05390873015873019
10 0.3277513227513228 0.5247941468253968 0.06698412698412701 0.05162202380952383
10 0.5429431216931216 0.5325992063492063 0.06914021164021161 0.05467509920634916
10 0.7547850529100528 0.6126364087301588 0.07416335978835993 0.056852678571428464
10 0.6406679894179894 0.28863343253968254 0.07081349206349202 0.05298611111111108
3 0.5324140211640211 0.286391369047619 0.06722552910052909 0.057472718253968255
3 0.2227281746031746 0.5344642857142857 0.07224867724867726 0.0512251984126984
3 0.75 0.766765873015873 0.08373346560846562 0.06906001984126979
11 0.09928240740740742 0.7815649801587301 0.14114748677248676 0.1058382936507936
0 0.11148148148148149 0.613516865079365 0.12248677248677246 0.06399801587301586
1 0.09306216931216932 0.5327653769841271 0.14784722222222224 0.07474206349206347
4 0.0922255291005291 0.3732316468253968 0.15334986772486772 0.07505456349206346