5 0.08796296296296297 0.19731894841269842 0.1164021164021164 0.08660466269841272
1 0.09606481481481481 0.46000744047619047 0.14252645502645503 0.08122519841269842
4 0.09325396825396826 0.5412450396825397 0.15343915343915343 0.08745039682539686
0 0.1078042328042328 0.6222321428571429 0.1164021164021164 0.06837549603174593
2 0.10697751322751323 0.7050843253968254 0.11805555555555555 0.07534474206349205
5 0.10317460317460317 0.7808630952380953 0.12037037037037036 0.08057787698412706
0 0.3306878306878307 0.20600198412698414 0.0992063492063492 0.07916666666666668
3 0.21197089947089948 0.2043874007936508 0.09325396825396826 0.06849950396825398
3 0.3287037037037037 0.2959201388888889 0.09523809523809523 0.06803075396825402
3 0.21693121693121692 0.45244047619047617 0.09656084656084656 0.06857390873015878
3 0.22701719576719576 0.5412450396825397 0.1001984126984127 0.06760664682539687
3 0.32175925925925924 0.6156597222222222 0.08796296296296297 0.06762896825396833
3 0.32506613756613756 0.6915649801587301 0.09457671957671958 0.07062748015873004
3 0.22933201058201058 0.7783829365079366 0.09821428571428571 0.0756150793650794
11 0.21279761904761904 0.3717013888888889 0.13128306878306878 0.08318452380952383
12 0.876984126984127 0.2055059523809524 0.10714285714285714 0.07817212301587304
12 0.8672288359788359 0.7852058531746031 0.12400793650793651 0.10166170634920627
7 0.8579695767195767 0.6289310515873016 0.105489417989418 0.08673363095238096
7 0.5403439153439153 0.6255828373015873 0.09523809523809523 0.07755456349206345
9 0.6590608465608465 0.2113343253968254 0.10119047619047619 0.0724702380952381
9 0.6436838624338624 0.6203720238095238 0.08697089947089948 0.07209573412698403
8 0.8720238095238095 0.45665922619047616 0.1302910052910053 0.0720461309523809
10 0.5360449735449735 0.46025545634920634 0.09060846560846561 0.06683779761904757
10 0.7579365079365079 0.2148065476190476 0.08068783068783068 0.07941716269841267
10 0.7562830687830688 0.3043526785714286 0.09722222222222222 0.06505456349206354
10 0.7541335978835979 0.38100198412698416 0.08300264550264551 0.07450396825396828
10 0.7504960317460317 0.5347941468253968 0.09556878306878307 0.06462797619047617
10 0.7493386243386243 0.6204985119047619 0.10317460317460317 0.07978422619047609
10 0.7427248677248677 0.6964012896825397 0.07671957671957672 0.07286210317460311
10 0.7509920634920635 0.7763988095238096 0.08664021164021164 0.07164682539682542