7 0.10383597883597884 0.2908358134920635 0.1349206349206349 0.08018353174603177
11 0.11078042328042328 0.7792534722222222 0.15542328042328044 0.11952132936507932
10 0.32837301587301587 0.5288417658730159 0.08796296296296297 0.0725644841269841
12 0.4322089947089947 0.4519444444444444 0.083994708994709 0.06757936507936509
10 0.6433531746031746 0.29021577380952385 0.0796957671957672 0.07150049603174602
10 0.7577711640211641 0.20935019841269842 0.08366402116402116 0.06849950396825398
8 0.8720238095238095 0.28041914682539687 0.14351851851851852 0.09903273809523812
10 0.7490079365079365 0.37455357142857143 0.0958994708994709 0.07152529761904759
10 0.6435185185185185 0.5273536706349207 0.08994708994708994 0.06958829365079364
10 0.7533068783068783 0.6146676587301587 0.08465608465608465 0.06564484126984134
10 0.6443452380952381 0.7763988095238096 0.0882936507936508 0.07164682539682542
3 0.22817460317460317 0.5362822420634921 0.09259259259259259 0.06760664682539687
0 0.10714285714285714 0.6111954365079365 0.11507936507936507 0.07854166666666675
1 0.10185185185185185 0.5316964285714286 0.14417989417989419 0.09067212301587305
3 0.43369708994708994 0.20203373015873016 0.09689153439153439 0.0811483134920635
3 0.5413359788359788 0.2934399801587302 0.09060846560846561 0.07299107142857147
3 0.43882275132275134 0.6895808531746032 0.11044973544973545 0.076579861111111