10 0.7598445767195767 0.21061011904761903 0.09773478835978842 0.08143849206349203
10 0.747529761904762 0.3751314484126984 0.1094742063492064 0.07565972222222221
10 0.7526157407407407 0.6112574404761905 0.10642195767195757 0.07916170634920643
10 0.5383664021164021 0.5365451388888889 0.09789682539682538 0.0760664682539682
10 0.6453869047619047 0.7682688492063492 0.0936838624338625 0.09556299603174613
10 0.6468551587301588 0.292827380952381 0.09331679894179896 0.0648239087301587
10 0.3304927248677249 0.5341542658730158 0.10543320105820107 0.08864583333333335
12 0.4359160052910053 0.20016617063492065 0.10463955026455021 0.09036954365079368
7 0.10590939153439152 0.29225694444444444 0.11592261904761904 0.07856150793650796
11 0.1071494708994709 0.7855704365079366 0.12501653439153437 0.11776785714285717
4 0.6566236772486773 0.18809771825396823 0.10293320105820113 0.1132986111111111
1 0.09771494708994709 0.5393353174603175 0.14582671957671958 0.08412698412698408
0 0.10520833333333332 0.6204191468253969 0.1475892857142857 0.07268601190476183
3 0.5435152116402117 0.6897371031746031 0.10158399470899472 0.07242807539682533
3 0.222255291005291 0.534141865079365 0.0939814814814815 0.07374007936507936
3 0.5425529100529101 0.2930233134920635 0.08643187830687828 0.07017609126984123
3 0.8922420634920635 0.2885044642857143 0.16081018518518517 0.08097718253968254