7 0.10648148148148148 0.29914434523809524 0.10052910052910052 0.07944196428571428
1 0.09391534391534391 0.45678323412698413 0.14153439153439154 0.06981398809523805
3 0.22503306878306878 0.5357886904761905 0.08300264550264551 0.07653521825396829
0 0.1111111111111111 0.6159077380952381 0.10978835978835978 0.07308531746031753
3 0.3333333333333333 0.616155753968254 0.09126984126984126 0.06862103174603182
3 0.33201058201058203 0.689702380952381 0.08862433862433862 0.06442708333333344
3 0.22999338624338625 0.7704439484126984 0.09953703703703703 0.06966021825396823
5 0.11226851851851852 0.7747867063492063 0.08895502645502645 0.09074652777777786
3 0.43022486772486773 0.45665674603174605 0.08002645502645503 0.06212549603174609
3 0.32936507936507936 0.2905877976190476 0.09656084656084656 0.07472470238095237
3 0.32605820105820105 0.2143105158730159 0.08994708994708994 0.06850198412698413
4 0.6489748677248677 0.19781746031746034 0.11078042328042328 0.0875967261904762
10 0.6501322751322751 0.2975322420634921 0.08994708994708994 0.06877480158730163
10 0.5373677248677249 0.45727926587301587 0.0958994708994709 0.08072916666666667
10 0.6421957671957672 0.5372743055555556 0.10052910052910052 0.06959077380952385
10 0.7503306878306878 0.6149156746031746 0.09854497354497355 0.07110119047619055
10 0.7509920634920635 0.7705704365079366 0.08664021164021164 0.0773487103174603
12 0.6438492063492064 0.6975173611111111 0.11044973544973545 0.08253720238095237
9 0.6390542328042328 0.614295634920635 0.09093915343915344 0.062420634920634994
10 0.7566137566137566 0.3785218253968254 0.09126984126984126 0.06954365079365081
11 0.6456679894179894 0.37628968253968254 0.10416666666666667 0.07996031746031748
12 0.8664021164021164 0.3730654761904762 0.11243386243386243 0.07847222222222225
8 0.875 0.28686755952380955 0.12962962962962962 0.08216517857142856
10 0.7567791005291006 0.20784970238095238 0.09689153439153439 0.07338541666666663