5 0.09151124338624339 0.19855158730158728 0.12237764550264549 0.08655505952380953
3 0.21905092592592593 0.21024553571428573 0.09932539682539679 0.0668105158730159
3 0.32641203703703703 0.2937425595238095 0.09969246031746033 0.06206101190476191
3 0.4317724867724868 0.45555555555555555 0.08873677248677253 0.06572420634920635
1 0.09324074074074075 0.4571329365079365 0.16452380952380954 0.07750744047619042
4 0.08680555555555555 0.5349479166666666 0.15687830687830687 0.07315972222222217
3 0.2299867724867725 0.5349627976190475 0.09923611111111108 0.073187003968254
3 0.32633267195767196 0.6133308531746031 0.09743716931216927 0.07151289682539687
3 0.330162037037037 0.6943179563492063 0.0956911375661376 0.07821180555555565
3 0.22268518518518518 0.7773908730158731 0.0867228835978836 0.06869295634920641
0 0.10499007936507937 0.6171453373015873 0.12818783068783068 0.0800372023809524
5 0.10769179894179896 0.7847643849206349 0.14650132275132277 0.08271825396825408
10 0.756412037037037 0.21278521825396826 0.10295965608465621 0.06234126984126987
10 0.7494907407407407 0.29581349206349206 0.08696759259259253 0.06534970238095245
10 0.747529761904762 0.3785615079365079 0.10241732804232806 0.06779513888888887
10 0.7537037037037037 0.6142410714285714 0.08894179894179896 0.06454117063492053
10 0.7451157407407407 0.7725793650793651 0.1040443121693122 0.07287450396825396
10 0.6519642857142857 0.538655753968254 0.07487764550264553 0.057048611111111217
10 0.5280257936507936 0.45552579365079365 0.08959986772486767 0.06836309523809521
10 0.6376521164021165 0.6948387896825398 0.08714947089947096 0.06914682539682544
9 0.6452281746031746 0.6163095238095239 0.08723214285714284 0.06383680555555564
9 0.6579960317460316 0.2076314484126984 0.08478174603174599 0.06817708333333336
7 0.5378935185185185 0.6246205357142857 0.094265873015873 0.07561259920634918
7 0.8773974867724867 0.20510664682539684 0.12753306878306875 0.08573164682539684
11 0.6407374338624339 0.3771626984126984 0.09762566137566131 0.08437251984126985
8 0.8705787037037037 0.45533482142857146 0.14188161375661382 0.07928323412698414
12 0.8640277777777778 0.7829265873015874 0.1266302910052911 0.09680059523809528
7 0.3245138888888889 0.20903521825396826 0.10015211640211637 0.085515873015873