10 0.7539318783068782 0.20450644841269844 0.08051587301587287 0.06544394841269845
10 0.647797619047619 0.2975049603174603 0.07563822751322745 0.05700644841269839
10 0.7484424603174603 0.3756299603174603 0.08173611111111113 0.06000496031746033
10 0.7501223544973544 0.6142435515873016 0.0759424603174602 0.05687251984126994
10 0.6496263227513228 0.5270808531746032 0.06709656084656088 0.051812996031745995
10 0.747986111111111 0.7734747023809524 0.07777116402116412 0.07339285714285716
10 0.32374669312169313 0.5310838293650794 0.07716269841269842 0.06211061507936509
3 0.22249007936507934 0.5403497023809524 0.06984126984126986 0.060054563492063576
3 0.3324371693121693 0.6959176587301588 0.06709656084656088 0.06009920634920628
3 0.22157407407407406 0.7771329365079366 0.07411375661375658 0.06241071428571437
3 0.5294609788359788 0.2920486111111111 0.07075727513227506 0.06439484126984124
3 0.43278108465608467 0.20659970238095238 0.07868716931216925 0.06505456349206348
7 0.10247685185185185 0.29101934523809525 0.11955687830687829 0.08292410714285713
12 0.4300363756613757 0.450359623015873 0.0792956349206349 0.060781250000000044
8 0.8669312169312169 0.2799231150793651 0.1326719576719576 0.08131944444444447
12 0.6397156084656085 0.697750496031746 0.08692129629629634 0.08206349206349209
1 0.09119047619047618 0.5382911706349206 0.1396858465608466 0.07881200396825391
0 0.10384920634920636 0.6167609126984127 0.10705026455026456 0.0664806547619048
5 0.11360780423280424 0.7795386904761904 0.10217261904761905 0.0923809523809525
4 0.6429166666666667 0.19892113095238095 0.1024768518518518 0.10230902777777777