4 0.4266732804232804 0.19872767857142856 0.10008928571428574 0.1068551587301587
1 0.0967361111111111 0.5378100198412697 0.14704034391534393 0.0788417658730159
7 0.10795965608465609 0.28889632936507936 0.13078703703703703 0.07824404761904763
7 0.10976521164021165 0.6151140873015872 0.11892195767195768 0.06512648809523813
3 0.5339880952380952 0.2853968253968254 0.06707010582010588 0.05576884920634924
3 0.22597883597883597 0.5376289682539682 0.08048611111111115 0.05913194444444446
3 0.6373048941798942 0.7669022817460318 0.07506944444444452 0.07268849206349205
10 0.7557109788359788 0.20568948412698412 0.07971230158730165 0.066609623015873
10 0.4262863756613756 0.3709126984126984 0.0657804232804233 0.05653769841269842
10 0.3258101851851852 0.5272619047619048 0.06861772486772487 0.0519419642857143
10 0.5434027777777778 0.5336483134920635 0.07300264550264557 0.053102678571428544
10 0.7553240740740741 0.6117261904761905 0.07635912698412693 0.0564161706349207
10 0.6398842592592593 0.29005704365079366 0.06990740740740743 0.05734623015873011
8 0.8783730158730159 0.2835615079365079 0.1315608465608466 0.09659722222222222
11 0.10834656084656084 0.785094246031746 0.1382705026455026 0.10907242063492058