10 0.3403174603174603 0.20416418650793652 0.07180886243386246 0.06510912698412698
10 0.6425033068783069 0.28906001984126983 0.07404100529100532 0.06262648809523803
10 0.3241501322751323 0.5255654761904762 0.06846560846560845 0.06061507936507933
10 0.5439318783068783 0.5330927579365079 0.07314814814814809 0.058943452380952346
10 0.7516666666666667 0.6099603174603175 0.08050925925925927 0.060471230158730085
3 0.22769841269841268 0.538779761904762 0.07404100529100532 0.056937003968253894
0 0.11340277777777778 0.6123859126984127 0.12421957671957672 0.07034226190476188
11 0.1020304232804233 0.7818501984126984 0.14161375661375664 0.11823660714285704
8 0.8738789682539683 0.2791939484126984 0.146521164021164 0.09306795634920635
3 0.7521130952380952 0.7686309523809524 0.09032076719576723 0.06838293650793657
3 0.5332275132275133 0.28904761904761905 0.06958002645502641 0.06260168650793647
4 0.3151190476190476 0.36825892857142856 0.13291666666666666 0.08219742063492065
1 0.09868386243386242 0.534360119047619 0.14830357142857142 0.07653273809523807