5 0.09044312169312169 0.19694940476190476 0.11144179894179894 0.09330109126984128
5 0.10631613756613757 0.7829737103174603 0.103505291005291 0.09223710317460308
2 0.08647486772486772 0.29294394841269844 0.11673280423280423 0.08191964285714287
2 0.11028439153439154 0.7006175595238094 0.12466931216931217 0.07633680555555554
0 0.10300925925925926 0.3764136904761905 0.11011904761904762 0.0678050595238095
0 0.1099537037037037 0.6235987103174603 0.1173941798941799 0.07358382936507926
1 0.09044312169312169 0.4583953373015873 0.1378968253968254 0.07055803571428566
4 0.09259259259259259 0.5428571428571429 0.15211640211640212 0.07827380952380955
3 0.21825396825396826 0.21232638888888888 0.0992063492063492 0.07445436507936509
3 0.32936507936507936 0.29455605158730164 0.09656084656084656 0.0727430555555556
3 0.22288359788359788 0.37455357142857143 0.09523809523809523 0.07152529761904759
3 0.22156084656084657 0.45529265873015873 0.07936507936507936 0.05691468253968254
3 0.2273478835978836 0.5393849206349207 0.08101851851851852 0.07132688492063495
3 0.22238756613756613 0.6222321428571429 0.07771164021164022 0.058452380952381026
3 0.22685185185185186 0.6987574404761905 0.07671957671957672 0.06021329365079359
3 0.2222222222222222 0.7768948412698413 0.08068783068783068 0.07263888888888892
10 0.5357142857142857 0.46199156746031744 0.08597883597883597 0.06534970238095232
10 0.7552910052910053 0.21865079365079365 0.08862433862433862 0.06974206349206351
10 0.7529761904761905 0.29765625 0.07738095238095238 0.06654265873015877
10 0.7476851851851852 0.38311011904761905 0.08002645502645503 0.06631944444444447
10 0.7486772486772487 0.5413690476190477 0.07539682539682539 0.065374503968254
10 0.749834656084656 0.6294270833333333 0.09424603174603174 0.0678819444444444
10 0.7488425925925926 0.7013616071428571 0.07242063492063493 0.0629414682539682
10 0.7552910052910053 0.7762748015873016 0.08862433862433862 0.07387896825396828
12 0.8774801587301587 0.21331845238095234 0.11144179894179894 0.08636160714285712
12 0.87119708994709 0.7875620039682539 0.105489417989418 0.08901289682539673
9 0.8716931216931217 0.299640376984127 0.12301587301587301 0.07051091269841274
9 0.8645833333333334 0.7089285714285715 0.105489417989418 0.07559523809523815
7 0.8695436507936508 0.38273809523809527 0.1087962962962963 0.06309523809523812
7 0.8687169312169312 0.6310391865079364 0.12367724867724868 0.07854910714285715
8 0.8804563492063492 0.4612475198412698 0.12400793650793651 0.08866815476190482
11 0.8797949735449735 0.544717261904762 0.12268518518518519 0.07455357142857147