3 0.2156084656084656 0.21530257936507935 0.09391534391534391 0.08040922619047618
3 0.22106481481481483 0.2949280753968254 0.10152116402116403 0.06604414682539682
3 0.22354497354497355 0.3801339285714286 0.10978835978835978 0.08021081349206345
3 0.22288359788359788 0.4613715277777778 0.09523809523809523 0.07651289682539683
3 0.2261904761904762 0.5433531746031747 0.08862433862433862 0.06934275793650797
3 0.21742724867724866 0.6164037698412699 0.0744047619047619 0.0641567460317461
3 0.22503306878306878 0.6980133928571428 0.09623015873015874 0.06368551587301581
3 0.22453703703703703 0.7773908730158731 0.09193121693121693 0.07363095238095241
5 0.09573412698412699 0.2038938492063492 0.1087962962962963 0.08735119047619049
2 0.09077380952380952 0.2995163690476191 0.11871693121693122 0.08266617063492063
0 0.10367063492063493 0.3800099206349207 0.11144179894179894 0.08244295634920631
1 0.09126984126984126 0.4580233134920635 0.14947089947089948 0.08717757936507936
4 0.09308862433862433 0.5490575396825397 0.12996031746031747 0.07579613095238087
0 0.10433201058201058 0.6264508928571428 0.13921957671957672 0.07185019841269837
2 0.11044973544973545 0.705952380952381 0.10846560846560846 0.06964037698412698
5 0.1130952380952381 0.7865699404761904 0.11375661375661375 0.07710565476190484
10 0.7592592592592593 0.22386160714285713 0.10978835978835978 0.08512400793650794
10 0.7547949735449735 0.30162450396825397 0.09755291005291006 0.0744816468253968
10 0.7509920634920635 0.3814980158730159 0.08664021164021164 0.06557539682539684
10 0.7533068783068783 0.46273561507936506 0.09788359788359788 0.07180059523809523
10 0.7455357142857143 0.5400049603174604 0.09226190476190477 0.07008680555555559
10 0.7450396825396826 0.6178918650793651 0.10119047619047619 0.07705605158730149
10 0.7404100529100529 0.6960292658730158 0.09193121693121693 0.06963789682539676
10 0.7418981481481481 0.7760267857142857 0.0916005291005291 0.07834325396825399
12 0.8776455026455027 0.21232638888888886 0.10846560846560846 0.08437748015873014
9 0.8763227513227513 0.2931919642857143 0.11904761904761904 0.06753224206349205
7 0.8688822751322751 0.3824900793650794 0.10747354497354497 0.07748263888888886
11 0.8796296296296297 0.4614955357142857 0.1388888888888889 0.0842038690476191
8 0.8697089947089947 0.5423611111111112 0.1455026455026455 0.08720238095238099
7 0.857473544973545 0.6253348214285714 0.10119047619047619 0.08201884920634916
9 0.8619378306878307 0.709796626984127 0.11342592592592593 0.07981150793650799
12 0.8703703703703703 0.793266369047619 0.12037037037037036 0.08554067460317451