7 0.10714285714285714 0.2921999007936508 0.11507936507936507 0.07547123015873021
11 0.10466269841269842 0.7829737103174603 0.14649470899470898 0.11208085317460313
8 0.8797949735449735 0.27843501984126984 0.1359126984126984 0.09506200396825396
10 0.7590939153439153 0.20848214285714287 0.09953703703703703 0.07420634920634922
10 0.6474867724867724 0.2923214285714286 0.09788359788359788 0.06331597222222221
10 0.7529761904761905 0.37790178571428573 0.09060846560846561 0.06086061507936505
10 0.7599206349206349 0.6191319444444445 0.1111111111111111 0.07457589285714276
10 0.5453042328042328 0.5345461309523809 0.09854497354497355 0.06909226190476189
10 0.33101851851851855 0.5294618055555556 0.09325396825396826 0.06140128968253967
12 0.4351851851851852 0.45095238095238094 0.08333333333333333 0.05567460317460318
10 0.6431878306878307 0.7745386904761905 0.0958994708994709 0.07536706349206351
3 0.43700396825396826 0.20513392857142856 0.09027777777777778 0.07494791666666668
3 0.5282738095238095 0.2874851190476191 0.10085978835978836 0.07100446428571427
3 0.22288359788359788 0.5334300595238095 0.09523809523809523 0.06934027777777776
1 0.09441137566137567 0.5364087301587303 0.14583333333333334 0.085218253968254
0 0.1023478835978836 0.6157837301587302 0.12202380952380952 0.06539682539682547
3 0.5411706349206349 0.691937003968254 0.09358465608465609 0.07385416666666661