3 0.21550264550264547 0.20817460317460318 0.09396494708994706 0.07126240079365077
3 0.21690806878306876 0.3787301587301587 0.0788988095238095 0.058097718253968256
3 0.21933201058201057 0.4567782738095238 0.0760912698412698 0.06290922619047622
3 0.22444113756613757 0.5471800595238095 0.0760912698412698 0.04454861111111109
3 0.22316468253968255 0.6176636904761905 0.07864417989417988 0.055295138888888845
3 0.22405753968253966 0.7024975198412698 0.072771164021164 0.06027281746031757
3 0.2246957671957672 0.7826537698412698 0.0919212962962963 0.06546626984126985
3 0.3189153439153439 0.29359623015873015 0.07098214285714285 0.05826388888888891
10 0.7598776455026455 0.21669642857142857 0.08987764550264549 0.06341021825396827
10 0.7625595238095239 0.2989583333333334 0.06204695767195771 0.06132936507936513
10 0.749537037037037 0.38064484126984127 0.0819642857142856 0.05426587301587306
10 0.7468551587301586 0.5390401785714285 0.0689417989417988 0.060825892857142856
10 0.5318650793650793 0.4594593253968254 0.0679199735449735 0.05294890873015868
10 0.7542592592592593 0.6236011904761906 0.0684292328042329 0.055679563492063495
10 0.7485152116402117 0.6964657738095238 0.07992063492063502 0.06927083333333338
10 0.7510681216931216 0.7758531746031746 0.08502645502645499 0.06527281746031753
9 0.6470205026455027 0.6236830357142857 0.08885582010582012 0.06925099206349213
9 0.8714583333333333 0.292063492063492 0.10366732804232796 0.07052083333333337
12 0.8777149470899471 0.20803075396825396 0.10340939153439155 0.07863839285714284
12 0.8705654761904762 0.7858978174603174 0.10954034391534391 0.09493799603174602
7 0.8727347883597883 0.37881448412698415 0.10111441798941784 0.060178571428571394
7 0.8502678571428571 0.6277083333333333 0.09702711640211635 0.06963789682539676
11 0.8718419312169312 0.5421899801587302 0.13762566137566148 0.06903769841269838
8 0.871332671957672 0.4573412698412698 0.14681878306878293 0.07169394841269845
5 0.08732473544973544 0.20014632936507937 0.12358134920634918 0.08201636904761907
5 0.10711309523809524 0.7839012896825397 0.12485780423280425 0.08519841269841258
0 0.09370701058201059 0.3775843253968254 0.12102843915343915 0.06729166666666671
0 0.10506944444444445 0.617624007936508 0.11055886243386241 0.066703869047619
2 0.1000925925925926 0.6987375992063491 0.0980489417989418 0.06998511904761912
2 0.3181481481481482 0.20444196428571426 0.09498346560846566 0.08103174603174604
1 0.08987764550264551 0.4615699404761905 0.13890211640211642 0.07249007936507941
4 0.09294312169312169 0.5463219246031746 0.13481812169312168 0.07155753968253957