5 0.0992063492063492 0.20550595238095234 0.1388888888888889 0.09801835317460315
1 0.09755291005291006 0.4556671626984127 0.1421957671957672 0.07998511904761904
4 0.09490740740740741 0.5400049603174604 0.13690476190476192 0.08000992063492067
0 0.10730820105820106 0.618263888888889 0.11210317460317461 0.07035962301587291
5 0.11210317460317461 0.7790029761904762 0.11838624338624339 0.08429811507936516
3 0.2156084656084656 0.21418650793650792 0.09391534391534391 0.08065724206349205
3 0.32341269841269843 0.29269593253968257 0.08465608465608465 0.06654017857142856
3 0.4366732804232804 0.459015376984127 0.09623015873015874 0.06931795634920629
3 0.22337962962962962 0.5392584325396825 0.08630952380952381 0.06363839285714289
3 0.33101851851851855 0.6152876984126985 0.09325396825396826 0.07432539682539689
3 0.32936507936507936 0.6970213293650793 0.08333333333333333 0.061701388888888827
3 0.22883597883597884 0.7786309523809524 0.09391534391534391 0.0810714285714286
2 0.6395502645502645 0.6924330357142857 0.09523809523809523 0.0748462301587301
7 0.32341269841269843 0.21009424603174603 0.09788359788359788 0.08487103174603176
7 0.5360449735449735 0.6196304563492063 0.09325396825396826 0.07556795634920625
11 0.6459986772486772 0.3764136904761905 0.09821428571428571 0.08765128968253964
8 0.8675595238095238 0.45045882936507936 0.144510582010582 0.08444692460317454
9 0.652281746031746 0.2058779761904762 0.09093915343915344 0.08139880952380954
9 0.6473214285714286 0.6151636904761905 0.08763227513227513 0.06663690476190483
12 0.8531746031746031 0.6924330357142857 0.11243386243386243 0.08476686507936501
12 0.8763227513227513 0.20625000000000002 0.11904761904761904 0.0945436507936508
10 0.7504960317460317 0.21282242063492063 0.08234126984126984 0.07544642857142858
10 0.7577711640211641 0.29815228174603176 0.09689153439153439 0.06753472222222227
10 0.748181216931217 0.37107886904761905 0.08432539682539683 0.06457837301587305
10 0.6496362433862434 0.5309499007936508 0.08564814814814815 0.07430059523809522
10 0.5347222222222222 0.45430059523809524 0.09060846560846561 0.06485367063492069
10 0.7486772486772487 0.6115674603174603 0.08862433862433862 0.07184523809523817
10 0.751818783068783 0.7692038690476191 0.09821428571428571 0.07214037698412695