1 0.0927149470899471 0.45581845238095237 0.14343584656084657 0.07040426587301585
4 0.0848015873015873 0.5480233134920636 0.14375992063492063 0.06824900793650801
0 0.09950066137566137 0.6208407738095238 0.13762235449735452 0.056398809523809434
0 0.3346825396825397 0.209734623015873 0.14279100529100527 0.07978174603174605
3 0.33125 0.29187003968253966 0.08757275132275134 0.05831349206349204
3 0.43135582010582013 0.45191964285714287 0.07159391534391535 0.05412946428571429
3 0.2237070105820106 0.541326884920635 0.07457010582010581 0.04730654761904757
3 0.3251421957671958 0.6210491071428572 0.07221891534391531 0.05518601190476196
3 0.33070436507936507 0.695828373015873 0.078640873015873 0.05787698412698405
3 0.2191633597883598 0.7779092261904762 0.08741402116402114 0.07047371031746023
2 0.3340707671957672 0.7791418650793651 0.0932109788359788 0.07176587301587294
9 0.6555324074074074 0.20728174603174604 0.08443783068783074 0.07242311507936508
11 0.6443320105820106 0.374546130952381 0.10120039682539674 0.08149801587301585
8 0.867800925925926 0.45151537698412697 0.13300264550264546 0.06859375000000004
9 0.6503604497354497 0.6212822420634921 0.09289682539682542 0.06740079365079371
7 0.5476719576719578 0.6256795634920634 0.09274140211640206 0.06327132936507929
12 0.8808035714285715 0.20780753968253968 0.10574404761904777 0.07935019841269843
10 0.7579861111111111 0.21003968253968253 0.06689153439153431 0.0626636904761905
10 0.7597883597883598 0.294469246031746 0.09712632275132277 0.05176091269841265
10 0.7575925925925926 0.3793030753968254 0.07394179894179906 0.05693948412698411
10 0.5387433862433862 0.45778273809523806 0.07174933862433856 0.04470734126984121
10 0.6523214285714285 0.5306200396825397 0.06391534391534391 0.05409474206349204
10 0.7521097883597884 0.6230853174603175 0.06610780423280418 0.058082837301587205
10 0.7522685185185186 0.6958829365079365 0.08208994708994702 0.05446180555555559
10 0.7481944444444444 0.7756125992063492 0.07394179894179906 0.05765625000000006
12 0.8713260582010581 0.7888343253968254 0.11341931216931232 0.0876264880952382
7 0.8607539682539683 0.6191493055555555 0.11577050264550269 0.08193452380952373
3 0.2164186507936508 0.2076016865079365 0.0883564814814815 0.06178075396825394
5 0.09545634920634921 0.19823412698412698 0.11991071428571429 0.08840773809523811
5 0.10676256613756614 0.7840476190476191 0.12674933862433863 0.09246775793650792