7 0.10905092592592593 0.28735863095238096 0.10921626984126984 0.08423115079365076
11 0.09981150793650793 0.7908556547619048 0.14353174603174607 0.11867559523809523
10 0.3238558201058201 0.37544890873015874 0.07028108465608465 0.06244047619047625
10 0.32534060846560847 0.5277876984126985 0.06995039682539682 0.05283234126984132
10 0.5404728835978836 0.5328621031746031 0.07787037037037038 0.05060763888888893
10 0.7615443121693122 0.6168923611111111 0.08447089947089934 0.06276041666666671
10 0.6435846560846561 0.2926587301587302 0.06961970899470907 0.06761408730158727
10 0.7603902116402117 0.2090029761904762 0.07885912698412707 0.07847966269841271
8 0.8804960317460317 0.28238839285714284 0.13429232804232816 0.0841939484126984
4 0.4203670634920635 0.1964186507936508 0.10162698412698418 0.10775545634920636
3 0.7567592592592592 0.7757738095238096 0.09139880952380963 0.08356150793650795
1 0.09717261904761905 0.5368080357142857 0.13825396825396824 0.08819196428571432
0 0.10954695767195767 0.6170337301587302 0.13990079365079364 0.06057043650793657