5 0.0929728835978836 0.19901785714285716 0.11802248677248676 0.08886656746031744
5 0.11144179894179894 0.782435515873016 0.11674603174603174 0.08239335317460318
2 0.10804563492063493 0.6971701388888888 0.11844576719576722 0.0694717261904761
0 0.10528439153439154 0.616547619047619 0.11717261904761903 0.06901785714285708
4 0.0936111111111111 0.5413368055555555 0.14901124338624339 0.06665426587301587
1 0.09626322751322752 0.45686755952380953 0.13521494708994708 0.06487847222222226
3 0.21481481481481482 0.20929811507936508 0.09000000000000002 0.06325892857142856
3 0.32583002645502646 0.29007936507936505 0.07004960317460315 0.060848214285714325
3 0.21842261904761903 0.45543402777777775 0.07599206349206347 0.05245783730158735
3 0.22500330687830686 0.5399826388888889 0.0764153439153439 0.0464310515873016
3 0.3247685185185185 0.6164112103174603 0.06368055555555553 0.059193948412698434
3 0.33411044973544973 0.6985590277777778 0.07386904761904758 0.07065724206349215
3 0.2259589947089947 0.776158234126984 0.0931845238095238 0.06824404761904758
9 0.6610019841269841 0.20842261904761905 0.09084986772486765 0.08539186507936507
9 0.6482671957671958 0.6187078373015873 0.09934193121693125 0.07493303571428574
10 0.757797619047619 0.20954861111111112 0.07556878306878322 0.06535218253968254
10 0.7609788359788359 0.29566468253968253 0.07429232804232799 0.06246527777777781
10 0.7523842592592592 0.3777455357142857 0.07620370370370357 0.05627976190476192
10 0.533640873015873 0.45613839285714286 0.06537698412698406 0.05227430555555555
10 0.756521164021164 0.6175818452380952 0.06962301587301586 0.05675843253968263
10 0.7487731481481481 0.6975124007936507 0.07323082010582005 0.057418154761904816
10 0.7502612433862433 0.7752132936507936 0.08044973544973537 0.06635912698412709
7 0.5378869047619047 0.6298412698412699 0.0823611111111111 0.07172867063492064
7 0.8621263227513228 0.6280902777777778 0.11313822751322755 0.07140873015873017
11 0.6415806878306879 0.37527777777777777 0.10082671957671961 0.07522569444444444
12 0.8758167989417989 0.2060218253968254 0.11292658730158724 0.077405753968254
12 0.8643551587301587 0.7882713293650794 0.10698412698412683 0.09247519841269833
8 0.8740112433862435 0.45767609126984127 0.13691137566137582 0.07604662698412695
0 0.3216931216931217 0.20729662698412699 0.08511904761904765 0.07995287698412701