10 0.5423280423280423 0.46044146825396826 0.0992063492063492 0.07663690476190477
11 0.5406746031746031 0.2951760912698413 0.11574074074074074 0.09134672619047618
9 0.6499669312169312 0.22051339285714286 0.10615079365079365 0.08586805555555556
10 0.7531415343915344 0.21530257936507935 0.08763227513227513 0.08040922619047618
10 0.7504960317460317 0.3019965277777778 0.09556878306878307 0.07770585317460316
10 0.7486772486772487 0.3805059523809524 0.10185185185185185 0.07351190476190478
10 0.7448743386243386 0.5411210317460318 0.10416666666666667 0.0797619047619048
10 0.7463624338624338 0.6991294642857142 0.09060846560846561 0.06343749999999994
10 0.7490079365079365 0.6204960317460317 0.0958994708994709 0.06986359126984117
10 0.7452050264550265 0.7737946428571428 0.09821428571428571 0.07883928571428574
7 0.8578042328042328 0.6226066468253968 0.12169312169312169 0.08152281746031742
12 0.8647486772486772 0.7868179563492063 0.12896825396825398 0.10240823412698409
12 0.8657407407407407 0.21778521825396824 0.12433862433862433 0.08536954365079363
7 0.8611111111111112 0.3818700396825397 0.11507936507936507 0.07872271825396822
8 0.8743386243386243 0.46161954365079366 0.14153439153439154 0.0720486111111111
9 0.6408730158730159 0.6191319444444445 0.09788359788359788 0.07457589285714276
3 0.21626984126984128 0.22100942460317458 0.10846560846560846 0.07693700396825395
3 0.22536375661375663 0.37901785714285713 0.103505291005291 0.08045634920634923
3 0.2261904761904762 0.46186755952380953 0.10185185185185185 0.06758432539682539
3 0.226521164021164 0.5437251984126985 0.0958994708994709 0.07256944444444448
3 0.22354497354497355 0.6231026785714285 0.09656084656084656 0.07259176587301577
3 0.33035714285714285 0.6993774801587301 0.09193121693121693 0.07881696428571427
3 0.23032407407407407 0.7778869047619048 0.12003968253968254 0.08454613095238103
0 0.1099537037037037 0.6172718253968255 0.10416666666666667 0.07829613095238085
0 0.10796957671957672 0.38038194444444445 0.13988095238095238 0.06582341269841271
5 0.09292328042328042 0.20885416666666665 0.11970899470899471 0.09727430555555554
5 0.10846560846560846 0.7902901785714286 0.11772486772486772 0.08950892857142848
2 0.10201719576719577 0.7045882936507937 0.1412037037037037 0.07435267857142856
1 0.09176587301587301 0.46025545634920634 0.15376984126984128 0.0767609126984127
4 0.08796296296296297 0.5459573412698413 0.14285714285714285 0.07207341269841279
3 0.3237433862433862 0.30050843253968257 0.09193121693121693 0.06480654761904767