10 0.22040343915343916 0.21121031746031746 0.08697089947089948 0.08462301587301588
10 0.31812169312169314 0.5284697420634921 0.0873015873015873 0.059417162698412684
10 0.53505291005291 0.5318179563492064 0.08465608465608465 0.05867311507936506
10 0.6466600529100529 0.28773313492063496 0.08630952380952381 0.056617063492063545
10 0.5390211640211641 0.6093353174603175 0.10582010582010581 0.06241815476190478
8 0.8735119047619048 0.2810391865079365 0.12996031746031747 0.09779265873015874
11 0.7615740740740741 0.7828497023809523 0.13425925925925927 0.10438988095238086
3 0.22503306878306878 0.5288417658730159 0.09623015873015874 0.06264136904761904
3 0.5391865079365079 0.28463293650793653 0.08961640211640212 0.0727405753968254
0 0.6469907407407407 0.36835069444444446 0.08035714285714286 0.0640823412698413
4 0.09275793650793651 0.36822916666666666 0.14914021164021163 0.08615823412698409
1 0.0958994708994709 0.5276016865079365 0.1455026455026455 0.08496775793650797