4 0.31348544973544973 0.20239335317460316 0.11135582010582007 0.0957440476190476
3 0.21274470899470901 0.20881200396825395 0.08752314814814817 0.06470734126984123
3 0.32669973544973546 0.2884399801587302 0.07279100529100525 0.05498015873015869
3 0.4338293650793651 0.453546626984127 0.06824404761904758 0.04722966269841266
3 0.22877645502645505 0.5411954365079364 0.0762599206349206 0.048670634920634864
3 0.32583333333333336 0.6164360119047618 0.06239417989417992 0.046418650793650755
3 0.32886574074074076 0.6932217261904763 0.07712632275132275 0.06187996031746032
3 0.2261772486772487 0.7772941468253969 0.07972552910052907 0.0691691468253969
5 0.09434854497354497 0.2902529761904762 0.11287037037037038 0.07485615079365081
5 0.10875661375661376 0.7816021825396826 0.11352182539682538 0.0826587301587301
1 0.09738095238095239 0.45590277777777777 0.13626984126984124 0.06981894841269835
0 0.10637235449735451 0.6123040674603174 0.10442129629629629 0.06252976190476188
9 0.654265873015873 0.20336805555555557 0.0866567460317461 0.0716939484126984
9 0.6486342592592592 0.6174107142857143 0.0840575396825397 0.06786954365079356
10 0.7570634920634921 0.20759176587301587 0.07344246031746036 0.06714533730158731
10 0.6508002645502645 0.29623759920634923 0.0710582010582011 0.05108382936507932
10 0.7508895502645503 0.3760292658730159 0.07192460317460317 0.05143105158730156
10 0.5372784391534392 0.45517113095238093 0.06932539682539679 0.050481150793650786
10 0.6571891534391533 0.5288690476190476 0.08600859788359785 0.050014880952380915
10 0.7558730158730159 0.6152281746031746 0.0775595238095238 0.055379464285714275
10 0.749047619047619 0.7746949404761905 0.07907407407407403 0.06396825396825398
7 0.5395535714285714 0.6256994047619048 0.0803736772486773 0.06819692460317467
12 0.6482010582010583 0.7019047619047619 0.08145833333333338 0.07437003968253961
12 0.873941798941799 0.3817881944444444 0.12738756613756622 0.06457341269841273
11 0.6416997354497355 0.3708184523809524 0.10485449735449733 0.07350694444444447
8 0.8695006613756613 0.2843675595238095 0.12933531746031734 0.08908234126984126